value
1
0.9775906
0.9534796
0.9279016
0.9011428
0.8735574
0.8455039
0.8179449
0.7898026
0.7623925
0.7358282
0.7101513
0.6852116
0.6608754
0.6368316
0.6126883
0.5879305
0.5620593
0.5345519
0.5049459
0.4728714
0.438132
0.4007498
0.3610023
0.3194356
0.2768429
0.234223
0.1927507
0.1536029
0.1178903
0.08649142
0.0600377
0.03879737
0.02271625
0.01144292
0.004398749
0.0008189161
0
0.001134395
0.003528156
0.006657303
0.01017802
0.01386937
0.01775225
0.02182322
0.02623126
0.0311704
0.03686255
0.04329168
0.05052057
0.05847898
0.06685766
0.07531725
0.08348325
0.09096046
0.09740324
0.1025822
0.1063971
0.1088942
0.1103332
0.1110573
0.11162
0.1125729
0.1147395
0.1188734
0.1256892
0.1357478
0.1496814
0.1678648
0.190571
0.2178271
0.249427
0.2850882
0.3243086
0.3664476
0.411029
0.457304
0.5046894
0.5525346
0.6003596
0.6475237
0.6934371
0.7375944
0.77929
0.8177693
0.8522444
0.88191
0.9060139
0.9239543
0.9353192
0.9399882
0.9382405
0.9306374
0.9180717
0.9015011
0.8821219
0.8610912
0.8395165
0.818123
0.7974735
0.7779452
0.7597134
0.7427068
0.7267358
0.7116189
0.6971048
0.6828322
0.6687175
0.6544913
0.6400228
0.6251676
0.6098634
0.5941178
0.5779545
0.5614955
0.5448765
0.5283002
0.5119857
0.4961572
0.4810412
0.4668506
0.4537367
0.4418076
0.4311097
0.4216337
0.4133377
0.4061078
0.3998679
0.3944681
0.3897902
0.3857333
0.3821788
0.3790455
0.376279
0.3738059
0.3715505
0.3694619
0.3674561
0.3654359
0.3632977
0.3609463
0.3582599
0.3551162
0.3514137
0.3470579
0.3420055
0.3362488
0.3298064
0.3227465
0.3151632
0.3071648
0.2988304
0.2902629
0.2815174
0.272596
0.2634543
0.2539888
0.2440797
0.2335225
0.2221468
0.209773
0.1962929
0.1818486
0.1666087
0.1507658
0.1348196
0.1194839
0.1056979
0.09437205
0.08643729
0.08274326
0.08388114
0.09018466
0.1016762
0.117956
0.1383687
0.1619162
0.1875048
0.2140277
0.2404701
0.2660141
0.2901006
0.3125365
0.3333632
0.3529135
0.3717508
0.3905609
0.4100646
0.4309066
0.4535932
0.4783832
0.5052444
0.5338007
0.563297
0.5929039
0.6217135
0.6485807
0.672446
0.6923824
0.7078695
0.7185951
0.7244998
0.7258461
0.7230612
0.7167164
0.7075149
0.6961335
0.6832771
0.6695103
0.6552886
0.6409431
0.6266879
0.612635
0.5987739
0.5850572
0.5714033
0.5577173
0.5439139
0.5299297
0.5157471
0.5013838
0.4868985
0.4724026
0.4580446
0.4440079
0.4304903
0.4177042
0.4058518
0.3951305
0.3857029
0.3776994
0.3712201
0.3663183
0.3630059
0.361265
0.3610272
0.3622144
0.3647081
0.368376
0.373079
0.3786779
0.3850145
0.3919442
0.3993209
0.4070125
0.414912
0.422923
0.4309647
0.438972
0.446892
0.4546853
0.4623184
0.4697675
0.4769904
0.4839462
0.4905792
0.4968411
0.5026608
0.5079735
0.5127158
0.5168363
0.5202827
0.5230257
0.525041
0.5263097
0.5268145
0.5265582
0.5255216
0.5237121
0.5211224
0.5177574
0.5136076
0.5087073
0.5030611
0.4966705
0.4895759
0.4817714
0.4732733
0.4640425
0.4540791
0.4433549
0.4318496
0.4195254
0.4063553
0.3923163
0.3773841
0.3615554
0.3448388
0.3272592
0.3088923
0.289851
0.2703165
0.2504997
0.2306755
0.2111929
0.1923888
0.1746219
0.158204
0.1434113
0.1304417
0.1194399
0.1104674
0.1035458
0.09863557
0.09569715
0.09467556
0.09550095
0.09814463
0.1025526
0.1087125
0.1165521
0.1260191
0.137039
0.1495574
0.163536
0.1789519
0.1958505
0.2142667
0.2343118
0.2561831
0.2801565
0.3065809
0.3358062
0.3681566
0.4038281
0.4427716
0.4847206
0.5290161
0.5746968
0.6204859
0.6649281
0.7064986
0.7437854
0.7755998
0.8011021
0.8198818
0.8319231
0.8375749
0.8374721
0.8324157
0.8233372
0.811182
0.7968581
0.781212
0.7650074
0.748897
0.7334255
0.7190211
0.7060183
0.6945843
0.6847332
0.6763129
0.6690999
0.6628014
0.657099
0.6516364
0.6461548
0.6404035
0.6342363
0.6275218
0.620206
0.6122503
0.6036608
0.594415
0.5845301
0.5740206
0.5628945
0.5512234
0.5391014
0.5266752
0.5141252
0.5016134
0.4893386
0.4774826
0.4661888
0.4555638
0.4456794
0.4365792
0.4282073
0.4205038
0.4134315
0.406884
0.4007557
0.3948903
0.3891645
0.3834615
0.3776908
0.3717529
0.3656394
0.3593602
0.3529808
0.3465616
0.340172
0.3338528
0.3276197
0.3213854
0.3150145
0.3083383
0.3011201
0.2931429
0.2842169
0.2742008
0.2630394
0.2507427
0.2374255
0.2232863
0.2085587
0.1935198
0.1785275
0.1639571
0.1501497
0.1373676
0.1259318
0.1160431
0.1078719
0.1014884
0.09693285
0.09427762
0.09361928
0.09480606
0.09795927
0.1033641
0.1114184
0.1226717
0.1378092
0.1575388
0.1824188
0.2127683
0.2486142
0.2895883
0.3348809
0.3833587
0.4336617
0.4843073
0.533918
0.5812899
0.6255197
0.6660245
0.7025327
0.7348876
0.7630925
0.7872144
0.8073367
0.8234658
0.8356481
0.8438701
0.84819
0.8486811
0.8455111
0.8389514
0.8295576
0.8177892
0.8041482
0.7892686
0.773787
0.7581912
0.7429073
0.7282592
0.7143962
0.7012712
0.6887793
0.6767525
0.6649858
0.6533529
0.6417945
0.6302788
0.6188537
0.6075404
0.5963556
0.5852443
0.5741421
0.5629178
0.5514238
0.5395015
0.5271191
0.5141319
0.5004788
0.486127
0.471146
0.4556655
0.4398556
0.4240074
0.4083977
0.3934858
0.3796594
0.3673288
0.3568376
0.3484023
0.342048
0.3375914
0.3347151
0.3329671
0.3317979
0.3307761
0.3294121
0.3273851
0.3244136
0.3203558
0.3151033
0.308643
0.300993
0.2922071
0.2824181
0.2717535
0.2603864
0.2484633
0.2362536
0.2239698
0.2117482
0.19975
0.1879723
0.1765481
0.1656016
0.155467
0.1460191
0.1376698
0.1307395
0.1256148
0.1225365
0.1218144
0.1238069
0.128847
0.1373208
0.1495857
0.1658481
0.1863196
0.2109714
0.2396574
0.2719431
0.3073028
0.3450473
0.3844422
0.4247868
0.4653994
0.5057175
0.5452215
0.583441
0.619865
0.6539371
0.6850771
0.7126392
0.7361743
0.7552459
0.7696107
0.7792119
0.7845909
0.7859785
0.7839103
0.7790143
0.7719417
0.7631803
0.7531442
0.7421177
0.7303284
0.7179734
0.7051994
0.6921045
0.6788074
0.6653696
0.6518529
0.638249
0.6245877
0.610903
0.5972605
0.5837118
0.5703376
0.5572678
0.5446098
0.5325129
0.5211122
0.5105481
0.5009663
0.4924478
0.4850567
0.4788303
0.473762
0.4697563
0.4666845
0.4643708
0.462568
0.4609973
0.4594013
0.4574622
0.4549942
0.4518067
0.4478018
0.4429868
0.4374606
0.4313599
0.4248783
0.4182582
0.4117326
0.4054653
0.3995927
0.3942035
0.3893642
0.3850738
0.3812918
0.3779465
0.374957
0.3722428
0.36971
0.3672472
0.3647286
0.3620532
0.3591266
0.3558464
0.3521631
0.3480012
0.3433016
0.3380069
0.3320531
0.3253338
0.3177497
0.3091612
0.2994641
0.2885923
0.2764796
0.2631747
0.2488008
0.2335877
0.2177928
0.2017745
0.1859217
0.1706386
0.1562767
0.1431922
0.131694
0.1220174
0.1143526
0.1087891
0.1053538
0.1041112
0.105072
0.1081931
0.1133752
0.1205187
0.1297052
0.1408634
0.1541169
0.1696782
0.187798
0.2087575
0.2327808
0.26006
0.2905707
0.3241528
0.3604616
0.3989969
0.4391313
0.4802396
0.5216834
0.562924
0.603506
0.6429957
0.6809835
0.7170168
0.7505677
0.7810456
0.8078531
0.8304154
0.8482684
0.8611389
0.868935
0.8718577
0.8703661
0.8650639
0.8566549
0.8457561
0.833111
0.8192452
0.8045426
0.7893342
0.7738302
0.7581854
0.7424456
0.7267052
0.7110145
0.6953974
0.6798986
0.6645569
0.6493844
0.6344116
0.6196384
0.605044
0.5906702
0.5765429
0.5627217
0.5492705
0.5363021
0.5238925
0.5121487
0.5011811
0.491049
0.4817711
0.4733395
0.4657078
0.4587947
0.4524391
0.446507
0.4408171
0.4351636
0.4293871
0.423301
0.4168218
0.4098396
0.4023581
0.3943568
0.38588
0.3770152
0.3678442
0.3584679
0.3489967
0.3395291
0.3301665
0.3210071
0.3121656
0.3037525
0.2958795
0.2886715
0.2822062
0.2766036
0.2719097
0.2681472
0.2653005
0.2633273
0.2620953
0.261431
0.2611085
0.2608891
0.2605184
0.2597831
0.258559
0.2568184
0.2547085
0.2524564
0.2505405
0.249475
0.2499173
0.2524689
0.2576965
0.266014
0.2776267
0.2925257
0.3104779
0.3310386
0.3536535
0.3776355
0.4023424
0.4271649
0.4516104
0.4753138
0.4980008
0.5195318
0.5397724
0.5586426
0.5760013
0.5917133
0.605576
0.6173709
0.6268539
0.6338074
0.6380752
0.6395479
0.6382322
0.6341963
0.6276398
0.6187972
0.6080364
0.5957209
0.5823029
0.5682235
0.5539662
0.5399253
0.52647
0.513967
0.502685
0.4928483
0.4846393
0.4781193
0.473309
0.4701221
0.4684053
0.4679411
0.46839
0.4693938
0.4705049
0.4713614
0.4715379
0.4707229
0.4686595
0.4652083
0.4602962
0.453958
0.4462753
0.4373802
0.4274424
0.4166534
0.405189
0.3932323
0.3809809
0.3686052
0.3563146
0.3442959
0.3328077
0.3220825
0.3123174
0.3037443
0.2965586
0.290925
0.287004
0.2848495
0.2845215
0.2860237
0.2893156
0.2944028
0.3012326
0.3097528
0.3198787
0.3315367
0.3446042
0.3589305
0.3743176
0.3905319
0.4073171
0.424416
0.4415436
0.458432
0.4748136
0.4904636
0.505135
0.5186016
0.5306533
0.5410845
0.5497183
0.5564004
0.5610413
0.5636089
0.564157
0.5627906
0.5596961
0.5550847
0.5492466
0.5424246
0.5348863
0.5269063
0.5187151
0.5105429
0.5025806
0.4949737
0.4878487
0.4812686
0.4752672
0.4698024
0.4648239
0.4602216
0.4558842
0.4516932
0.4475573
0.4433703
0.4390672
0.4345699
0.4297991
0.4246685
0.4190904
0.4129685
0.406222
0.3987562
0.3905598
0.3816155
0.371974
0.3617241
0.3509912
0.3399117
0.3286661
0.317418
0.3063161
0.2955415
0.2852392
0.2755619
0.2666631
0.2586913
0.2517606
0.2460048
0.2415134
0.2383302
0.2364663
0.235884
0.2365052
0.2382011
0.24084
0.2443135
0.248508
0.2534131
0.2590875
0.2656522
0.2733733
0.2825804
0.2937238
0.3073256
0.323934
0.3440401
0.368016
0.3960364
0.4280159
0.4635248
0.5018174
0.5418271
0.5822441
0.6216847
0.6587543
0.6922214
0.7211398
0.7449135
0.7633025
0.7764427
0.7847334
0.7887831
0.7892722
0.7868903
0.7822664
0.7759267
0.7682417
0.7595277
0.7499234
0.7395158
0.728347
0.7163913
0.7036388
0.6900894
0.6757326
0.6606911
0.6451182
0.6292896
0.613466
0.5979503
0.583038
0.5689671
0.5558961
0.5438188
0.532648
0.5221576
0.5120685
0.5020796
0.4919116
0.4813369
0.4702094
0.4584879
0.4462205
0.4335241
0.4205707
0.4075398
0.3945857
0.3818292
0.3693126
0.3570595
0.3450347
0.3331758
0.3213848
0.3095615
0.2975995
0.2854305
0.2729996
0.2602998
0.2473223
0.2341382
0.2208321
0.2075273
0.1943772
0.1815858
0.1694197
0.1581288
0.1480068
0.1393129
0.1322963
0.1271854
0.1241829
0.1234341
0.1250367
0.1290262
0.1354566
0.1443892
0.1558978
0.1700809
0.1869902
0.2067307
0.2293893
0.2550331
0.2836634
0.3151894
0.3493539
0.3857401
0.423712
0.4624737
0.5009968
0.5381778
0.572877
0.6040192
0.6307351
0.6524308
0.6688196
0.6800257
0.6864708
0.6888356
0.6878918
0.6844636
0.6792706
0.6728746
0.6656871
0.6579412
0.6497137
0.6409353
0.6314543
0.6211035
0.609717
0.5971946
0.5834402
0.5684458
0.5522975
0.5352188
0.5175744
0.4999204
0.4829411
0.4673726
0.4539597
0.4433698
0.4360729
0.4322966
0.4319935
0.4347968
0.4401124
0.4472231
0.4553291
0.4637638
0.4719963
0.4797469
0.486942
0.493691
0.5002035
0.5067186
0.5133488
0.5201283
0.5268988
0.5333694
0.5391986
0.5440385
0.5475735
0.5496141
0.5501015
0.5491223
0.5468503
0.5434839
0.5391799
0.5341105
0.5283615
0.521919
0.5147617
0.5067972
0.4979352
0.4881221
0.4773529
0.4656694
0.4531985
0.4400889
0.4265701
0.4129038
0.3993477
0.3860729
0.3732636
0.3609534
0.3490834
0.3375625
0.3261801
0.3147392
0.3030869
0.291081
0.2787281
0.2660911
0.2534092
0.2410398
0.2294452
0.2191508
0.2106769
0.2045587
0.2012193
0.2010608
0.204365
0.2112951
0.2218969
0.236125
0.2537867
0.2746051
0.298201
0.3240131
0.3514309
0.3797019
0.4080761
0.4357787
0.4621269
0.4864138
0.5081615
0.5269822
0.5426114
0.5549736
0.5641082
0.5702014
0.5735383
0.5744553
0.5734168
0.5708355
0.5671521
0.5627678
0.5579268
0.5528829
0.547804
0.5428523
0.5381685
0.5339534
0.5304587
0.527954
0.5267199
0.5270209
0.528973
0.5325293
0.5375164
0.5435869
0.5502803
0.557059
0.5634258
0.5689272
0.5732605
0.5761924
0.5775957
0.5774591
0.5757942
0.5726697
0.5681549
0.5623856
0.5555186
0.54769
0.539044
0.5297207
0.5198485
0.5095975
0.4990004
0.4881199
0.4769608
0.465586
0.4539865
0.4422085
0.4302977
0.4182667
0.4061758
0.3940766
0.3820841
0.370254
0.358719
0.3476058
0.3370298
0.327106
0.3179425
0.309629
0.3021868
0.2956652
0.2901025
0.285549
0.2820033
0.2794608
0.2778808
0.2771679
0.2771979
0.2778041
0.2788018
0.2800185
0.2813196
0.2827568
0.2844181
0.2866207
0.2896872
0.2940038
0.2998871
0.3075127
0.316876
0.3276973
0.3395234
0.3517716
0.3637402
0.3748282
0.384886
0.3936854
0.4009603
0.407423
0.4133115
0.4194317
0.426288
0.4343998
0.4443796
0.4563586
0.4703954
0.4864162
0.5039415
0.5225104
0.5413176
0.5595041
0.5762262
0.5907474
0.6023194
0.6104354
0.614769
0.615304
0.6121597
0.6057153
0.5965957
0.5855693
0.5734851
0.5612416
0.5496721
0.5395685
0.5315028
0.5256689
0.5224036
0.5218371
0.5232379
0.5264476
0.5307545
0.5357579
0.5409361
0.5457632
0.5501481
0.5538634
0.5567516
0.5588935
0.5601904
0.5607444
0.5605591
0.5595734
0.557688
0.5548989
0.5511942
0.5465695
0.5410552
0.5347945
0.5278955
0.5204805
0.5127086
0.5047798
0.4968546
0.4890671
0.4815654
0.4743994
0.4676877
0.4614998
0.455849
0.4507778
0.4462839
0.4422898
0.4387112
0.4354391
0.4323166
0.4291787
0.4258407
0.4221658
0.4180432
0.4134093
0.4082817
0.4027091
0.3967886
0.3907319
0.3846786
0.3787985
0.3732213
0.3680044
0.363153
0.3586262
0.3543523
0.3503054
0.3463823
0.3425288
0.3388083
0.3352914
0.3321276
0.3293866
0.3272715
0.3259119
0.3253642
0.3255858
0.3264197
0.3275067
0.3283791
0.3284094
0.3270724
0.3236442
0.3175555
0.308572
0.2966624
0.2822512
0.2659105
0.2485721
0.2310551
0.2143006
0.1994686
0.1874723
0.1791211
0.1749987
0.1758256
0.1819968
0.1936816
0.2110695
0.234103
0.2623912
0.2950408
0.3309071
0.368535
0.40638
0.4426766
0.4760183
0.5052401
0.5297185
0.5492688
0.5643362
0.5758172
0.5847483
0.5926441
0.6006798
0.6096554
0.620054
0.6317216
0.6443002
0.6569004
0.6686332
0.6785055
0.685433
0.6889169
0.6887795
0.685226
0.6785304
0.6694299
0.6586816
0.6468858
0.6345513
0.6220811
0.6098969
0.5980752
0.5866588
0.5754787
0.5646292
0.5539571
0.5435066
0.5332838
0.5234662
0.5141367
0.5054725
0.4976628
0.4907407
0.484814
0.4799091
0.4759634
0.4728869
0.4704558
0.4685007
0.4668026
0.4651633
0.4634184
0.4614038
0.4589778
0.456055
0.4525639
0.4484204
0.4436126
0.4380833
0.4317819
0.4246687
0.4167441
0.4080024
0.3984772
0.3881712
0.3771294
0.3654213
0.3531314
0.3403521
0.3271545
0.3136062
0.2997618
0.285714
0.2715597
0.2575435
0.2438946
0.2310831
0.2196328
0.2100244
0.2030362
0.1995066
0.2000674
0.2055071
0.2164372
0.2333703
0.2565824
0.2859323
0.3208889
0.3606159
0.4038368
0.4490306
0.4944067
0.5384425
0.5798431
0.6173307
0.6501403
0.6780213
0.7011228
0.7192795
0.7331318
0.7430028
0.7489999
0.7513448
0.7503531
0.7460493
0.7384452
0.727783
0.7142203
0.697911
0.6791586
0.6580207
0.6346481
0.6093409
0.5821833
0.5534793
0.5235588
0.4929395
0.462426
0.4329047
0.4053501
0.3808402
0.360356
0.3447685
0.3344625
0.329589
0.3301127
0.3354135
0.3444019
0.355818
0.3687281
0.3815309
0.3932699
0.4032536
0.4108287
0.4155873
0.4176819
0.4173056
0.414697
0.4102439
0.4044558
0.397759
0.3905713
0.3833152
0.376379
0.3701053
0.3647398
0.3605083
0.3575268
0.3558214
0.3553741
0.3560495
0.3577327
0.3602149
0.3632752
0.3666917
0.3702327
0.3737186
0.3769547
0.3798389
0.3822871
0.3841801
0.3855226
0.3863152
0.3865444
0.3862086
0.3852828
0.3837474
0.3815629
0.3786731
0.3750083
0.3705341
0.3652108
0.3590613
0.352117
0.3444873
0.336323
0.3278516
0.3193275
0.3110218
0.3032558
0.2963197
0.2904265
0.2857386
0.2823313
0.2801615
0.279127
0.2790381
0.2797005
0.2808976
0.2824466
0.2842634
0.2863981
0.2889646
0.2922392
0.2965729
0.3023176
0.3098165
0.3193219
0.3310227
0.3449326
0.3609439
0.3788941
0.3986009
0.4198542
0.44256
0.4665731
0.4917863
0.5180175
0.5448776
0.5718292
0.5980492
0.6225837
0.6443695
0.6623498
0.6755172
0.6832812
0.6854301
0.6819716
0.6733982
0.6606083
0.644814
0.627249
0.6093964
0.5926818
0.5786337
0.5683434
0.5627686
0.5624336
0.5671638
0.5762838
0.5883928
0.6015084
0.6132873
0.6212165
0.6229708
0.6168248
0.6017151
0.5778668
0.5462835
0.5086453
0.4676003
0.426161
0.3872273
0.3536564
0.3274614
0.3100858
0.3021548
0.3034237
0.3130565
0.3294836
0.3507866
0.3749308
0.3999879
0.4241898
0.4461389
0.4647451
0.4797268
0.4909417
0.4986712
0.5034673
0.5059676
0.5066873
0.5062062
0.5048972
0.5030431
0.5008165
0.4981945
0.4952721
0.4918425
0.4880198
0.4840639
0.4798231
0.4753035
0.4706468
0.4658303
0.4610756
0.4563908
0.4517289
0.447173
0.442824
0.4386802
0.4347512
0.4309545
0.4272781
0.4235909
0.4197664
0.4157101
0.411151
0.4058571
0.3995618
0.3920486
0.3830409
0.3725946
0.3605988
0.3472335
0.3327817
0.317673
0.3024412
0.2876563
0.273831
0.2613961
0.2506529
0.2417496
0.2347147
0.2294681
0.2258159
0.2236624
0.2228917
0.2235105
0.2253902
0.2287555
0.2335948
0.2401274
0.248477
0.2588043
0.2713362
0.2863932
0.3043212
0.3257127
0.3508425
0.3803488
0.4144667
0.452993
0.4951811
0.5399569
0.5858353
0.6312268
0.6744703
0.713966
0.7486838
0.7780477
0.8019787
0.8209112
0.835553
0.8467114
0.8552024
0.8617397
0.8666872
0.8701926
0.8720775
0.8718845
0.8691619
0.8636189
0.8546216
0.8417011
0.8242997
0.8019752
0.7743253
0.7411618
0.7023924
0.6586147
0.6103528
0.5589251
0.506184
0.4542291
0.4052047
0.3612141
0.3240033
0.2948581
0.2745333
0.2628418
0.2591341
0.2622135
0.2704781
0.2823088
0.2961125
0.3104558
0.3241742
0.3364479
0.3468037
0.3550089
0.361171
0.3651291
0.3670726
0.3673256
0.3662595
0.3642753
0.3616621
0.358743
0.3557222
0.3528222
0.3500823
0.3475783
0.3453407
0.3433093
0.3414848
0.3398204
0.3382455
0.3367496
0.3353012
0.3338746
0.3325002
0.3311826
0.3299272
0.3287878
0.3277684
0.3269267
0.3263239
0.3260676
0.3262209
0.3268421
0.3279975
0.3297189
0.3319826
0.3347104
0.3377934
0.3410669
0.3443475
0.3474909
0.3502944
0.3526945
0.3546721
0.3562756
0.3574065
0.3583831
0.3594052
0.3607244
0.3628293
0.3662221
0.3714233
0.3790407
0.389719
0.4040209
0.4223411
0.444964
0.4719458
0.5029163
0.5374234
0.574524
0.6130828
0.6516478
0.6884868
0.7221375
0.7514099
0.7746959
0.7910388
0.7995427
0.7998983
0.7923282
0.7775302
0.7564114
0.7303883
0.7012721
0.6711179
0.6420376
0.6155495
0.5932106
0.575994
0.5637082
0.5559438
0.5516292
0.5490605
0.5462608
0.5415165
0.5333457
0.5207754
0.5032926
0.4812132
0.4551293
0.4262176
0.3957756
0.365396
0.336578
0.3104615
0.2881529
0.2711171
0.2600041
0.2555024
0.2577961
0.2667349
0.2818267
0.3025568
0.3277234
0.356041
0.3860925
0.4165745
0.4463411
0.4742285
0.4993522
0.5212214
0.5392009
0.5529687
0.5625297
0.5679853
0.5694008
0.5671011
0.5614936
0.5531471
0.5426087
0.5304429
0.5172244
0.5034572
0.4895898
0.4759779
0.4628812
0.4505171
0.4390469
0.4286562
0.4194369
0.411365
0.4044207
0.3985607
0.393684
0.3897238
0.3865104
0.3839515
0.3818174
0.3798773
0.3778346
0.3753535
0.3721204
0.3677319
0.3619068
0.3544098
0.3452212
0.3344534
0.322456
0.3097188
0.2969056
0.2847366
0.2740724
0.2656763
0.2602083
0.2581104
0.2597453
0.2651737
0.2741332
0.2861293
0.3004707
0.3163165
0.3326459
0.3485003
0.3630873
0.3754479
0.38471
0.3900885
0.390842
0.3869096
0.3782917
0.3656182
0.3497723
0.3319927
0.3138432
0.297148
0.2834703
0.2740177
0.2692197
0.2694621
0.2745448
0.2837092
0.2962041
0.3108983
0.3265694
0.3422031
0.3568294
0.3697664
0.3804199
0.3884291
0.3936145
0.3959542
0.3956596
0.3931653
0.3888107
0.3829296
0.3759466
0.3682452
0.3600903
0.3517214
0.3433388
0.3354509
0.3284254
0.3227506
0.3188143
0.3168323
0.3167868
0.3186673
0.3223621
0.3278374
0.3344607
0.3420527
0.3505994
0.3599458
0.3701792
0.3813778
0.3933396
0.4058722
0.4186518
0.4314771
0.4441069
0.4563729
0.4681503
0.4793303
0.4898448
0.4996495
0.5086704
0.5168965
0.5242515
0.5306243
0.5359713
0.5401173
0.5430665
0.5449162
0.5457886
0.5457931
0.5450687
0.5437626
0.542148
0.5404002
0.5387729
0.5375249
0.5368382
0.536949
0.5380185
0.5401984
0.5435081
0.5479201
0.5532886
0.559351
0.5658068
0.5722932
0.5784194
0.5838223
0.5881512
0.5911486
0.5927024
0.5928256
0.5916359
0.5893168
0.5861124
0.582258
0.5779888
0.573514
0.5689897
0.5644791
0.5599991
0.5555043
0.5509213
0.5461512
0.5411483
0.5358101
0.5300521
0.5237881
0.5169372
0.5094399
0.5012335
0.4923358
0.4827508
0.4725222
0.4617436
0.4505089
0.4389809
0.4273082
0.4156117
0.4040611
0.3927535
0.3816715
0.3708176
0.3601253
0.3495317
0.3390062
0.3284003
0.3179274
0.3078593
0.2982465
0.2895102
0.2824246
0.277797
0.2766601
0.2800579
0.2888281
0.3038819
0.3254855
0.3533559
0.3864228
0.4231489
0.4611733
0.497856
0.5303381
0.5561196
0.5732838
0.5810117
0.579002
0.5681103
0.5499771
0.526723
0.5008686
0.4749594
0.4512381
0.4315181
0.4171158
0.4086952
0.4064325
0.4097719
0.4179363
0.430048
0.4448487
0.4608448
0.4769208
0.4920358
0.5054482
0.5167706
0.5255843
0.5318738
0.5357637
0.5374342
0.5369873
0.534746
0.5309346
0.5259038
0.5198774
0.5130758
0.5056267
0.4980585
0.4905666
0.4833715
0.4766933
0.4706214
0.4652384
0.4606351
0.4568548
0.4538704
0.4516918
0.4502763
0.4495688
0.4495055
0.4500581
0.4511193
0.4526699
0.4546224
0.4569283
0.4594935
0.4622227
0.465059
0.4679541
0.4707962
0.4735173
0.4759893
0.4781054
0.4797025
0.4806134
0.4806581
0.4796951
0.4776222
0.4743644
0.4699777
0.464545
0.4581901
0.4511189
0.4435279
0.4355776
0.4274333
0.419199
0.4109311
0.4026482
0.3943845
0.3861844
0.378101
0.3702318
0.3627297
0.3557646
0.3495397
0.3442517
0.3400749
0.3371343
0.3355319
0.3352348
0.3362386
0.3384171
0.3416184
0.3456313
0.3502181
0.3551305
0.3600555
0.3646734
0.3686832
0.3717625
0.3735957
0.3739421
0.372509
0.3691213
0.3636471
0.3560192
0.346309
0.3347035
0.3215139
0.3070885
0.291949
0.2766995
0.2619127
0.2482585
0.2363167
0.2268962
0.2202419
0.2165798
0.2159813
0.2183289
0.223629
0.2317826
0.2429441
0.257334
0.2752564
0.2971348
0.3232911
0.3538958
0.3887634
0.4273726
0.4688107
0.5118819
0.5552119
0.5974396
0.6372831
0.6736993
0.7058884
0.7332771
0.7555491
0.7725898
0.7844739
0.7913605
0.7935683
0.7915721
0.7858402
0.7769818
0.7654503
0.7521669
0.7377269
0.7226804
0.7075304
0.6925658
0.6781032
0.6643253
0.6514221
0.6395474
0.628708
0.618908
0.6100882
0.6021549
0.594957
0.5883359
0.5821374
0.5761946
0.570373
0.5645495
0.5586469
0.5525922
0.5463435
0.5398789
0.5331909
0.526275
0.5191536
0.5118532
0.5044105
0.4968819
0.4893346
0.4818425
0.4744922
0.4673657
0.4605388
0.4540748
0.4480046
0.4423359
0.4370349
0.4320501
0.4272983
0.4226819
0.4181125
0.4134946
0.4087582
0.4038571
0.398753
0.3934401
0.3878853
0.382069
0.3759556
0.3694636
0.3625222
0.355026
0.3468587
0.3379077
0.3280832
0.3173024
0.3055311
0.2927961
0.2791715
0.2647773
0.2497813
0.2343775
0.2188045
0.2034717
0.1887841
0.174792
0.1620196
0.1507416
0.1413503
0.1344594
0.1304446
0.1297474
0.132887
0.1401214
0.1515408
0.1669556
0.1858414
0.2074045
0.2306144
0.2543336
0.2774427
0.2990977
0.3188176
0.3365837
0.352853
0.3684542
0.3844578
0.4019612
0.4218805
0.4448099
0.4708889
0.4997439
0.5305424
0.5621074
0.5930067
0.6219319
0.6479846
0.6700701
0.6877728
0.7009074
0.7094792
0.7140187
0.7149883
0.7128686
0.7082549
0.7016154
0.6933769
0.6838794
0.6733914
0.6621409
0.6503427
0.6382109
0.6258839
0.6135493
0.6013874
0.589572
0.5782941
0.5677199
0.5579773
0.5491581
0.5413178
0.5344009
0.5282756
0.5227896
0.5176549
0.5126142
0.507321
0.5014866
0.4948317
0.4870738
0.4781293
0.4679684
0.4566141
0.4442582
0.431151
0.4175695
0.4039428
0.390603
0.3779183
0.3661513
0.3555963
0.3463965
0.3385604
0.3321023
0.3269124
0.3227981
0.3195617
0.3169272
0.3146658
0.312538
0.3102753
0.3076403
0.3044421
0.3004875
0.2955265
0.2893787
0.2817784
0.2725436
0.2614701
0.2484616
0.2335564
0.2168385
0.1987023
0.1797406
0.1607126
0.1427583
0.1269434
0.1144303
0.1063484
0.1038574
0.1080067
0.1197142
0.1396878
0.1676718
0.2034117
0.2455308
0.2925973
0.3423137
0.3920619
0.4393234
0.4819491
0.5185618
0.5480389
0.5703721
0.5865436
0.5982518
0.6076746
0.6170856
0.6286066
0.6440363
0.6643953
0.6899128
0.7201506
0.7534941
0.7879687
0.8212258
0.8508164
0.8745477
0.89054
0.8977814
0.8958894
0.8853674
0.8673946
0.8438891
0.8174766
0.7902127
0.7644774
0.7417043
0.7232304
0.7095933
0.7004552
0.6948246
0.6912983
0.6886422
0.6852174
0.6795349
0.6705646
0.6577334
0.6410092
0.6207518
0.5975595
0.572392
0.5462515
0.5199965
0.4947278
0.4710597
0.4495048
0.4304041
0.4141805
0.4010151
0.3908825
0.383677
0.3791931
0.3771317
0.3770918
0.3785777
0.3812028
0.3844755
0.3879428
0.3910614
0.3934347
0.3947522
0.3947646
0.3933595
0.3905348
0.3863663
0.3810028
0.3746595
0.3676553
0.3603138
0.3529745
0.3459839
0.3396169
0.3341313
0.3296876
0.3263516
0.3240978
0.3228386
0.32243
0.3226683
0.3233488
0.3242825
0.3253107
0.3263281
0.3272666
0.3280474
0.3286612
0.3289652
0.3289668
0.3284872
0.3273503
0.3252888
0.3219964
0.3171911
0.3105125
0.3017203
0.2907164
0.2779353
0.2637808
0.2489898
0.2346766
0.2222047
0.213009
0.2085316
0.2099106
0.2179621
0.233045
0.2549456
0.2829216
0.3157818
0.3519498
0.3897297
0.4278589
0.4647533
0.4991779
0.5301993
0.557278
0.5800957
0.5986288
0.6129688
0.623396
0.6302926
0.6343835
0.6364234
0.6369519
0.6363919
0.635418
0.6339981
0.6319231
0.6289982
0.624574
0.6180274
0.6085925
0.5958171
0.5791115
0.558595
0.5345114
0.5074402
0.4782743
0.4479586
0.4176548
0.3883485
0.360877
0.3356461
0.3133525
0.2943398
0.2789145
0.2672536
0.2597035
0.2567693
0.259064
0.2670845
0.2810449
0.3007077
0.3255163
0.3546443
0.3866838
0.4196503
0.4519132
0.4814608
0.5066406
0.5261492
0.5388951
0.5443271
0.5423017
0.5333214
0.5178806
0.4970673
0.4722159
0.4448641
0.4166741
0.3891231
0.3636317
0.3412789
0.3227736
0.3085536
0.2986045
0.2926954
0.2904347
0.2912807
0.2945322
0.2996548
0.3059946
0.3131132
0.3205659
0.3281146
0.3356095
0.3431335
0.3508029
0.3590287
0.3682138
0.3787929
0.3910341
0.4049934
0.4206347
0.4375645
0.4553029
0.4732526
0.4908365
0.5074778
0.5228206
0.5367119
0.5491545
0.560339
0.5705
0.5799445
0.5888872
0.5974389
0.6055856
0.6132178
0.6200907
0.6259474
0.6303961
0.6334355
0.6347796
0.6344206
0.6323416
0.6286884
0.6237562
0.6179579
0.6116998
0.6055347
0.5999764
0.5954477
0.5921591
0.5901768
0.5892453
0.588899
0.5884717
0.5870088
0.5833927
0.5764953
0.5652873
0.5489453
0.5271303
0.5000141
0.4681647
0.432866
0.3957869
0.3588017
0.3237966
0.2924781
0.266244
0.2460525
0.2321146
0.2243044
0.2219811
0.2242983
0.2303516
0.2390267
0.2496625
0.2615256
0.2740893
0.2870367
0.3000586
0.3129658
0.325287
0.3366006
0.3462874
0.3536627
0.3581656
0.3593775
0.3570049
0.3510937
0.3421243
0.3308631
0.318392
0.3061103
0.2952646
0.2870557
0.2823584
0.2816806
0.2850166
0.2918914
0.301516
0.3129963
0.3254207
0.3379095
0.3498354
0.3607192
0.3704506
0.3788851
0.3862241
0.3926754
0.3983673
0.4035091
0.4081536
0.4123869
0.4162519
0.4197437
0.4229133
0.4257725
0.4284232
0.4309642
0.4335299
0.436193
0.4389806
0.4419062
0.4449365
0.4479828
0.4509533
0.453768
0.456337
0.458607
0.4605297
0.4620663
0.4631891
0.4638476
0.4639516
0.4633737
0.4619532
0.4595593
0.4560241
0.4512324
0.4450454
0.4374258
0.4283347
0.4177966
0.4059118
0.3927831
0.3786359
0.3637154
0.3483954
0.3330469
0.3181311
0.304091
0.2913666
0.280349
0.2713829
0.2647522
0.2606368
0.2593492
0.2609376
0.2656633
0.2738091
0.2856627
0.3018091
0.3227881
0.3491083
0.3813251
0.4195626
0.4636183
0.5127912
0.5657947
0.6208056
0.6756276
0.7278804
0.775143
0.8153457
0.8469355
0.8690217
0.8814861
0.8848572
0.8801125
0.8686149
0.8518968
0.8314415
0.808457
0.7838221
0.758222
0.732064
0.705612
0.6788755
0.6521029
0.6254749
0.5992685
0.5739851
0.5500474
0.528036
0.5085672
0.4920118
0.4787814
0.4689729
0.4624633
0.4589434
0.457926
0.4588055
0.4608882
0.4636561
0.4665778
0.4692933
0.4716104
0.4733731
0.4746411
0.4755072
0.476024
0.4761452
0.4758373
0.475049
0.4736982
0.4715606
0.4685216
0.4645367
0.4596689
0.4539732
0.4475434
0.4405802
0.4332705
0.4257958
0.4183524
0.4110489
0.4040565
0.397489
0.3914567
0.3860475
0.3813142
0.37727
0.3738981
0.3711892
0.369108
0.3675766
0.366548
0.3660025
0.365936
0.3663394
0.3672554
0.3687118
0.3707422
0.3733176
0.3764273
0.379977
0.3838438
0.3878735
0.3918717
0.3956165
0.3989307
0.4016381
0.4035485
0.4045239
0.4044807
0.4033682
0.4011957
0.3979529
0.3936925
0.3884386
0.3822647
0.3752545
0.3675077
0.3590887
0.350092
0.3406643
0.3309553
0.3211375
0.311388
0.3019009
0.2928684
0.2844931
0.2769613
0.2704277
0.2650231
0.2607717
0.2576904
0.2557412
0.2547756
0.2546387
0.2551449
0.2560619
0.257155
0.2582608
0.2591931
0.2598057
0.2600028
0.2597191
0.2589512
0.2577516
0.2562137
0.2544551
0.2527103
0.2512069
0.2502167
0.2499183
0.2506084
0.2525347
0.2558951
0.2608947
0.267683
0.2763756
0.2871171
0.3001136
0.3155094
0.3334749
0.3542243
0.3779254
0.4046411
0.4343482
0.4667913
0.501444
0.5375203
0.573986
0.6096198
0.6430999
0.6731976
0.6988301
0.7192669
0.7341745
0.7436349
0.7481656
0.7485515
0.7457884
0.7409552
0.7350872
0.7290901
0.7235532
0.7189144
0.7154031
0.7130386
0.7117572
0.7113835
0.7116394
0.7122356
0.7129347
0.7134522
0.7134955
0.712756
0.7109641
0.7078439
0.703201
0.696872
0.6887882
0.67891
0.6673178
0.6541816
0.6397542
0.6243939
0.6084639
0.5923788
0.5765179
0.5612462
0.5468754
0.5336045
0.5215969
0.5109356
0.5016008
0.4935062
0.4865577
0.4806157
0.4755352
0.4711974
0.4674507
0.4641824
0.4612519
0.4585603
0.4559499
0.453283
0.4504432
0.4472915
0.4436872
0.4395563
0.4348138
0.4294523
0.42351
0.4170487
0.4101313
0.4028555
0.3953108
0.3875849
0.3797327
0.3718118
0.3638319
0.3557984
0.347697
0.3394785
0.3310961
0.3225077
0.313665
0.3045041
0.2949703
0.2850568
0.2747417
0.2640937
0.2531848
0.2421381
0.2311066
0.2203241
0.2100058
0.2004162
0.1918395
0.1845518
0.1787798
0.1747722
0.1726605
0.1725814
0.1745726
0.1786245
0.1845934
0.1923322
0.201658
0.2123731
0.2242665
0.2371711
0.2509735
0.2656257
0.2811174
0.2975666
0.3151019
0.3339742
0.3544548
0.3768394
0.4013705
0.4282147
0.4574305
0.4887578
0.5217629
0.5557329
0.5897115
0.6225652
0.6530793
0.6800977
0.7026069
0.7198037
0.731272
0.7368901
0.7368747
0.731718
0.7221437
0.7090008
0.6931408
0.6754027
0.6565313
0.6371772
0.61784
0.5988487
0.580438
0.5626963
0.5455869
0.5290619
0.5129523
0.4971432
0.4815267
0.4660826
0.4508416
0.4359953
0.4218726
0.4088185
0.3973009
0.3877883
0.3807693
0.3766208
0.3756289
0.3779625
0.3836327
0.3924527
0.4041417
0.4182493
0.4342578
0.4515809
0.4696177
0.4878044
0.5056245
0.5226513
0.5385279
0.5529966
0.5659055
0.5771446
0.5866904
0.5945485
0.6007352
0.6053091
0.6083219
0.6098275
0.6098692
0.6084899
0.6056752
0.601442
0.5957775
0.5886695
0.5801274
0.5701838
0.5589515
0.5465879
0.5333137
0.5194417
0.5053035
0.4912476
0.4776689
0.4648409
0.4529942
0.4422574
0.4326407
0.4240674
0.4163263
0.4091719
0.4023136
0.3954151
0.3882128
0.380486
0.3720517
0.3628559
0.3529007
0.3422479
0.331059
0.3195243
0.3079027
0.2964449
0.2854646
0.2752523
0.2660806
0.258251
0.2519926
0.2474774
0.2448678
0.2442573
0.245672
0.2490996
0.2545156
0.2618411
0.2710106
0.2818951
0.2943753
0.3083312
0.3235452
0.3398649
0.3570528
0.3749262
0.3933447
0.4121464
0.4312243
0.450508
0.4698963
0.4892807
0.5084976
0.527287
0.5453376
0.5622541
0.5776385
0.5910723
0.6022111
0.6108068
0.6166881
0.6198308
0.6203181
0.6182837
0.6139326
0.6074955
0.5991952
0.5892309
0.5777918
0.5650486
0.5511132
0.5360965
0.5200755
0.5031869
0.4855217
0.467222
0.448466
0.4294917
0.4105954
0.3921241
0.3744707
0.3580243
0.3431416
0.3301199
0.3191576
0.3103284
0.3035915
0.2987826
0.2956698
0.29396
0.293367
0.2936282
0.2945724
0.2960879
0.2981995
0.3010099
0.3047003
0.3094989
0.3156381
0.3233436
0.332795
0.3441237
0.3573238
0.372347
0.38904
0.4071734
0.4264363
0.4464254
0.4667216
0.4868727
0.5064056
0.5248062
0.5416113
0.5564067
0.5688365
0.5786645
0.5857634
0.5901509
0.5919812
0.591511
0.5890987
0.5851257
0.5799819
0.5739684
0.5673416
0.5601822
0.5525304
0.544284
0.5353096
0.5254401
0.5145429
0.5025609
0.4894933
0.4754486
0.4606114
0.4452649
0.4297295
0.4143938
0.3996339
0.38581
0.3732629
0.3623107
0.3532512
0.3463323
0.3417402
0.3396513
0.3401126
0.3431675
0.3486928
0.3564958
0.3662928
0.3776609
0.3901831
0.4033789
0.4167883
0.42999
0.4426506
0.4544875
0.4653438
0.4751033
0.4837131
0.4911502
0.4974056
0.502494
0.5064451
0.5092742
0.5110143
0.5117506
0.5115511
0.5105399
0.5088364
0.5065437
0.5037876
0.5006606
0.497242
0.4936099
0.489808
0.4858893
0.4818504
0.4777493
0.4735926
0.4693979
0.4652387
0.4611347
0.4571623
0.4533904
0.4498927
0.4467375
0.4439734
0.4416302
0.4397037
0.4381757
0.436995
0.4361009
0.4354159
0.4348757
0.4344029
0.4339137
0.433315
0.4324997
0.4313658
0.4298008
0.4277404
0.4250769
0.4218066
0.4179213
0.4134422
0.408425
0.4029195
0.3969736
0.3905528
0.3836152
0.3760623
0.3677548
0.3585483
0.3483553
0.3371054
0.3247943
0.3114945
0.2973562
0.2825412
0.267305
0.2518883
0.2365772
0.2216247
0.2072969
0.1938039
0.1813666
0.1701303
0.1602098
0.1516541
0.1444637
0.1386043
0.1339985
0.1305688
0.1282362
0.1269497
0.1267099
0.1275392
0.1295061
0.1327122
0.1373015
0.1433745
0.1510501
0.1605752
0.1722844
0.1865089
0.2036784
0.2243507
0.2491294
0.2785458
0.3130642
0.3528776
0.3978888
0.4475869
0.501111
0.5571555
0.614139
0.6702649
0.7237258
0.7728094
0.8160927
0.8524859
0.8813342
0.9024049
0.9158361
0.9220545
0.9216928
0.9154778
0.904172
0.8885462
0.8692821
0.8470585
0.8225243
0.7962859
0.7688497
0.7407345
0.7125017
0.6846629
0.6576139
0.6317198
0.6073538
0.5847963
0.5642977
0.5460675
0.5302669
0.5169535
0.5061663
0.4978635
0.4919047
0.4881072
0.486227
0.4859867
0.4871239
0.4893629
0.4924641
0.4962298
0.5004914
0.5051303
0.5100404
0.5151208
0.5202566
0.5253331
0.5302244
0.534762
0.5387833
0.5421159
0.5445854
0.5460136
0.546255
0.5451802
0.5426867
0.5387087
0.533199
0.5261854
0.5177143
0.5078977
0.4969105
0.4849679
0.472354
0.4594065
0.4464826
0.4339689
0.422262
0.4117122
0.4026868
0.3954802
0.3903096
0.3873174
0.38654
0.387903
0.3912302
0.3962577
0.4026363
0.4099289
0.417689
0.4254498
0.4327318
0.4391095
0.444166
0.4475327
0.448876
0.447921
0.4444313
0.4382644
0.4293312
0.4176643
0.4034137
0.386851
0.3683757
0.3484469
0.327624
0.3064587
0.285519
0.2653025
0.2462467
0.2286593
0.2127733
0.1987231
0.1865357
0.1761768
0.1675749
0.160626
0.1552158
0.1512643
0.1487181
0.1475903
0.1479035
0.1497572
0.1532994
0.1587102
0.1661884
0.1759424
0.1881612
0.2029921
0.2206081
0.2410224
0.2642457
0.29017
0.3186159
0.3493026
0.3818974
0.4159739
0.4510381
0.4865395
0.5218745
0.5564116
0.5894868
0.6204233
0.6485846
0.6734271
0.6944897
0.7114299
0.7240731
0.7324135
0.7365881
0.73693
0.7338183
0.7277665
0.7192928
0.7089093
0.6971498
0.6845138
0.6714587
0.6584047
0.6457376
0.6337299
0.6226964
0.6127924
0.6041136
0.5966408
0.5902898
0.5848807
0.5801647
0.5758641
0.5716527
0.5672054
0.5622132
0.556385
0.5495092
0.5414289
0.5320511
0.5214181
0.5096598
0.4969862
0.4836988
0.4701589
0.4567126
0.4437404
0.4315609
0.420433
0.4105314
0.40194
0.3946651
0.3886711
0.3838784
0.3801892
0.3775051
0.3757142
0.3747286
0.3744646
0.374844
0.3757674
0.3771204
0.3787998
0.3806719
0.382591
0.3843638
0.3858175
0.3867429
0.3869158
0.38611
0.3841253
0.3807691
0.3758731
0.3693291
0.3610701
0.3510645
0.3393461
0.325978
0.3110583
0.2947256
0.2771611
0.2586032
0.2393199
0.2196471
0.1999734
0.1807443
0.1624376
0.1455252
0.130526
0.1178621
0.1077584
0.1005337
0.09632624
0.09514381
0.09695464
0.1016419
0.1090238
0.1188629
0.1308939
0.144882
0.1606484
0.1781162
0.1973308
0.2185166
0.2420608
0.268472
0.2983106
0.3320841
0.3700843
0.4123057
0.4583143
0.5072662
0.5579213
0.6087896
0.658222
0.7046114
0.7465712
0.7830318
0.8133613
0.8372798
0.8549547
0.8668936
0.8735724
0.8756918
0.8739365
0.8689099
0.8611358
0.8510949
0.8391805
0.8257701
0.8111831
0.7957735
0.7798562
0.7637574
0.7477232
0.7319498
0.7165488
0.7015562
0.6868602
0.6723331
0.6577258
0.6427504
0.6271164
0.6105087
0.5926971
0.5735382
0.5530243
0.5312308
0.5083143
0.4846316
0.4605421
0.4364854
0.4128697
0.3900686
0.3683704
0.3479658
0.3289686
0.3112862
0.2948943
0.2797966
0.2659811
0.2534059
0.2420963
0.2323725
0.2242214
0.2179234
0.2136655
0.2114253
0.2110505
0.2127357
0.2166112
0.2228471
0.2315018
0.2427122
0.2568157
0.2740605
0.2948348
0.3191433
0.3471676
0.3787608
0.4135516
0.451066
0.4904663
0.5306001
0.569881
0.6069407
0.6403534
0.6686973
0.6912214
0.7071768
0.716353
0.7192545
0.7165555
0.7093012
0.6985474
0.685357
0.6705225
0.6548049
0.6389497
0.6232841
0.6077955
0.5923712
0.5770014
0.561732
0.5465262
0.5314422
0.5166409
0.5021948
0.488789
0.4768742
0.4671125
0.45981
0.4554395
0.4540611
0.4558518
0.4606989
0.4678928
0.4766842
0.486225
0.4952773
0.5027411
0.5073694
0.5079391
0.5035394
0.4935032
0.477618
0.4564012
0.4305316
0.4010795
0.3693637
0.3368449
0.3049346
0.2750935
0.2479756
0.2243429
0.2046092
0.1889522
0.1774834
0.1703448
0.1672793
0.1682159
0.1730831
0.1818548
0.1941383
0.209732
0.227978
0.2482732
0.2698862
0.2920155
0.3138687
0.3347426
0.3539817
0.3711277
0.3858485
0.3980857
0.4077853
0.4150942
0.4201625
0.423214
0.4244943
0.4242981
0.4229193
0.4205898
0.4174988
0.4141704
0.4106561
0.4070961
0.4036538
0.4004697
0.3974948
0.3948249
0.3924266
0.3903666
0.388762
0.3877464
0.3874762
0.3882149
0.3901526
0.3934125
0.3980881
0.4041214
0.4113166
0.41948
0.4282177
0.437111
0.445729
0.4536551
0.4605421
0.4662367
0.4705336
0.4732912
0.4745717
0.4744597
0.4731075
0.4707469
0.4675033
0.4635124
0.4588527
0.4535188
0.4474932
0.4406531
0.4324705
0.4224333
0.4102796
0.3960572
0.3801694
0.3634063
0.3468807
0.3320598
0.3204635
0.3135875
0.3125746
0.3180768
0.3301361
0.3482685
0.3715101
0.3986228
0.4282276
0.458992
0.4896275
0.5191732
0.5467568
0.5715705
0.5931043
0.6109302
0.6248591
0.6349187
0.6412722
0.6442535
0.6442844
0.6418725
0.6376429
0.6323498
0.6265262
0.6204318
0.6142488
0.6081416
0.6022122
0.5965273
0.5910766
0.5858512
0.5807076
0.5756182
0.5705189
0.5653525
0.5600726
0.5546395
0.5490005
0.5431269
0.5369447
0.5304666
0.5236635
0.5165585
0.5092014
0.5016501
0.4940002
0.4863669
0.4788488
0.4715603
0.4645606
0.4578753
0.4515374
0.4455082
0.4397
0.4340339
0.4283896
0.4226284
0.4166253
0.4102643
0.4034336
0.3961269
0.3883282
0.3800974
0.3715036
0.3627162
0.3538874
0.3451616
0.3366548
0.3284182
0.3204213
0.3125362
0.3046761
0.2969362
0.289138
0.2812375
0.2735231
0.2662558
0.2602327
0.2562647
0.2553609
0.2587506
0.2671672
0.2814301
0.3018354
0.3281267
0.3594782
0.3945173
0.431427
0.4680915
0.5022093
0.5317323
0.5548863
0.5704355
0.5777565
0.5766673
0.5673604
0.5510285
0.5283815
0.5010481
0.4704369
0.4380715
0.4055494
0.3743673
0.3458923
0.3215292
0.3021054
0.2879855
0.2794925
0.2761935
0.2775206
0.2826338
0.2904307
0.3002383
0.3111038
0.322543
0.3343146
0.3463175
0.3586424
0.3714091
0.3847937
0.3989909
0.4139774
0.4297452
0.4462307
0.4632777
0.4808076
0.4986577
0.5162569
0.5337966
0.5506371
0.566597
0.5814056
0.5947983
0.6066171
0.616756
0.6253207
0.6324971
0.6382828
0.6425624
0.6453481
0.6466534
0.6453402
0.6426999
0.6378478
0.6304993
0.6203679
0.6071822
0.5907944
0.5712069
0.5487121
0.5239081
0.4977853
0.471702
0.4471883
0.4258362
0.4090491
